March 10, 2013	0.768935
March 11, 2013	0.768935
March 12, 2013	0.76838
March 13, 2013	0.767675
March 14, 2013	0.772025
March 15, 2013	0.768808
March 16, 2013	0.765849
March 17, 2013	0.764585
March 18, 2013	0.764585
March 19, 2013	0.7707
March 20, 2013	0.77782
March 21, 2013	0.77245
March 22, 2013	0.7746
March 23, 2013	0.770137
March 26, 2013	0.777696
March 27, 2013	0.77791
March 28, 2013	0.782788
March 29, 2013	0.78007
March 30, 2013	0.7804
March 31, 2013	0.77988
April 1, 2013	0.77988
April 2, 2013	0.77805
April 3, 2013	0.7792
April 4, 2013	0.778645
April 5, 2013	0.7765
April 6, 2013	0.76825
April 7, 2013	0.77387
April 8, 2013	0.76976
April 9, 2013	0.76855
April 10, 2013	0.7639
April 11, 2013	0.765577
April 12, 2013	0.762268
April 13, 2013	0.7636
April 14, 2013	0.76266
April 15, 2013	0.762545
April 16, 2013	0.764877
April 17, 2013	0.757855
April 18, 2013	0.767089
April 19, 2013	0.7653
April 20, 2013	0.76485
April 21, 2013	0.766225
April 22, 2013	0.766165
April 23, 2013	0.76625
April 24, 2013	0.76915
April 25, 2013	0.768344
April 26, 2013	0.76827
April 27, 2013	0.7677
April 28, 2013	0.76743
April 29, 2013	0.76743
April 30, 2013	0.76365
May 1, 2013	0.7603
May 2, 2013	0.75762
May 3, 2013	0.76523
May 4, 2013	0.76305
May 5, 2013	0.76231
May 6, 2013	0.76231
May 7, 2013	0.76475
May 8, 2013	0.764118
May 9, 2013	0.7596
May 10, 2013	0.76355
May 11, 2013	0.770475
May 12, 2013	0.769645
May 13, 2013	0.769645
May 14, 2013	0.770716
May 15, 2013	0.772529
May 16, 2013	0.776636
May 17, 2013	0.77456
May 18, 2013	0.77899
May 19, 2013	0.77888
May 20, 2013	0.77888
May 21, 2013	0.776669
May 22, 2013	0.774764
May 23, 2013	0.7772
May 24, 2013	0.77289
May 25, 2013	0.773844
May 26, 2013	0.77328
May 27, 2013	0.77328
May 28, 2013	0.773491
May 29, 2013	0.777409
May 30, 2013	0.773445
May 31, 2013	0.765955
June 1, 2013	0.77118
June 2, 2013	0.76947
June 3, 2013	0.76929
June 4, 2013	0.76327
June 5, 2013	0.76563
June 6, 2013	0.763936
June 7, 2013	0.755267
June 8, 2013	0.756052
June 9, 2013	0.75626
June 10, 2013	0.75626
June 11, 2013	0.754418
June 12, 2013	0.753126
June 13, 2013	0.750464
June 14, 2013	0.749334
June 15, 2013	0.74997
June 16, 2013	0.749235
June 17, 2013	0.749235
June 18, 2013	0.749738
June 19, 2013	0.745805
June 20, 2013	0.746168
June 21, 2013	0.75613
June 22, 2013	0.76063
June 23, 2013	0.76202
June 24, 2013	0.76202
June 25, 2013	0.762184
June 26, 2013	0.763962
June 27, 2013	0.768936
June 28, 2013	0.766988
June 29, 2013	0.76876
June 30, 2013	0.76864
July 1, 2013	0.76864
July 2, 2013	0.76549
July 3, 2013	0.76937
July 4, 2013	0.768846
July 5, 2013	0.774174
July 6, 2013	0.77919
July 7, 2013	0.77924
July 8, 2013	0.77924
July 9, 2013	0.777605
July 10, 2013	0.783193
July 11, 2013	0.77795
July 12, 2013	0.766525
July 13, 2013	0.765345
July 14, 2013	0.76529
July 15, 2013	0.76529
July 16, 2013	0.765378
July 17, 2013	0.760835
July 18, 2013	0.76085
July 19, 2013	0.762692
July 20, 2013	0.761035
July 21, 2013	0.760745
July 22, 2013	0.760745
July 23, 2013	0.757888
July 24, 2013	0.75643
July 25, 2013	0.758465
July 26, 2013	0.754936
July 27, 2013	0.75281
July 28, 2013	0.75307
July 29, 2013	0.75307
July 30, 2013	0.754385
July 31, 2013	0.75469
August 1, 2013	0.752505
August 2, 2013	0.756545
August 3, 2013	0.75275
August 4, 2013	0.7529
August 5, 2013	0.7529
August 6, 2013	0.75415
August 7, 2013	0.75183
August 8, 2013	0.749626
August 9, 2013	0.74705
August 10, 2013	0.749238
August 11, 2013	0.74951
August 12, 2013	0.74951
August 13, 2013	0.751456
August 14, 2013	0.754234
August 15, 2013	0.754795
August 16, 2013	0.749905
August 17, 2013	0.75069
August 18, 2013	0.75037
August 19, 2013	0.750185
August 20, 2013	0.749365
August 21, 2013	0.745376
August 22, 2013	0.747776
August 23, 2013	0.748206
August 24, 2013	0.747074
August 25, 2013	0.747275
August 26, 2013	0.747275
August 27, 2013	0.748055
August 28, 2013	0.746714
August 29, 2013	0.75026
August 30, 2013	0.754995
August 31, 2013	0.756945
September 1, 2013	0.75637
September 2, 2013	0.75626
September 3, 2013	0.757805
September 4, 2013	0.759145
September 5, 2013	0.75726
September 6, 2013	0.762204
September 7, 2013	0.759712
September 8, 2013	0.758725
