Average	6.151586
March 10, 2013	6.215
March 11, 2013	6.2149
March 12, 2013	6.2185
March 13, 2013	6.2207
March 14, 2013	6.2168
March 15, 2013	6.21415
March 16, 2013	6.214
March 17, 2013	6.21395
March 18, 2013	6.205
March 19, 2013	6.2158
March 20, 2013	6.2152
March 21, 2013	6.2138
March 22, 2013	6.2151
March 23, 2013	6.20925
March 24, 2013	6.2122
March 25, 2013	6.2122
March 26, 2013	6.20845
March 27, 2013	6.2118
March 28, 2013	6.2149
March 29, 2013	6.21235
March 30, 2013	6.21615
March 31, 2013	6.2145
April 1, 2013	6.2076
April 2, 2013	6.1949
April 3, 2013	6.1987
April 4, 2013	6.2009
April 5, 2013	6.20115
April 6, 2013	6.2023
April 7, 2013	6.20225
April 8, 2013	6.2031
April 9, 2013	6.20265
April 10, 2013	6.20545
April 11, 2013	6.19325
April 12, 2013	6.1978
April 13, 2013	6.1926
April 14, 2013	6.1925
April 15, 2013	6.1924
April 16, 2013	6.1861
April 17, 2013	6.1824
April 18, 2013	6.1735
April 19, 2013	6.18305
April 20, 2013	6.1771
April 21, 2013	6.1802
April 22, 2013	6.1776
April 23, 2013	6.1824
April 24, 2013	6.1786
April 25, 2013	6.18045
April 26, 2013	6.17255
April 27, 2013	6.1629
April 28, 2013	6.16365
April 29, 2013	6.16385
April 30, 2013	6.1618
May 1, 2013	6.16595
May 2, 2013	6.16545
May 3, 2013	6.15405
May 4, 2013	6.1556
May 5, 2013	6.1552
May 6, 2013	6.1552
May 7, 2013	6.16845
May 8, 2013	6.15375
May 9, 2013	6.14165
May 10, 2013	6.1297
May 11, 2013	6.14095
May 12, 2013	6.1417
May 13, 2013	6.1417
May 14, 2013	6.1466
May 15, 2013	6.1428
May 16, 2013	6.1459
May 17, 2013	6.149
May 18, 2013	6.1413
May 19, 2013	6.1413
May 20, 2013	6.1413
May 21, 2013	6.139
May 22, 2013	6.137
May 23, 2013	6.1311
May 24, 2013	6.134
May 25, 2013	6.1316
May 26, 2013	6.1316
May 27, 2013	6.1316
May 28, 2013	6.1212
May 29, 2013	6.1215
May 30, 2013	6.1267
May 31, 2013	6.1309
June 1, 2013	6.1348
June 2, 2013	6.1348
June 3, 2013	6.1348
June 4, 2013	6.1317
June 5, 2013	6.1287
June 6, 2013	6.1278
June 7, 2013	6.1362
June 8, 2013	6.1335
June 9, 2013	6.1335
June 10, 2013	6.1335
June 11, 2013	6.1335
June 12, 2013	6.1335
June 13, 2013	6.1335
June 14, 2013	6.1344
June 15, 2013	6.1308
June 16, 2013	6.1308
June 17, 2013	6.1308
June 18, 2013	6.125
June 19, 2013	6.1285
June 20, 2013	6.1269
June 21, 2013	6.1282
June 22, 2013	6.1334
June 23, 2013	6.1334
June 24, 2013	6.1334
June 25, 2013	6.1451
June 26, 2013	6.1453
June 27, 2013	6.147
June 28, 2013	6.227975
June 29, 2013	6.191501
June 30, 2013	6.1376
July 1, 2013	6.1376
July 2, 2013	6.133
July 3, 2013	6.133
July 4, 2013	6.1308
July 5, 2013	6.1258
July 6, 2013	6.1825
July 7, 2013	6.1326
July 8, 2013	6.1326
July 9, 2013	6.1338
July 10, 2013	6.1295
July 11, 2013	6.1345
July 12, 2013	6.1352
July 13, 2013	6.1375
July 14, 2013	6.1375
July 15, 2013	6.1375
July 16, 2013	6.1653
July 17, 2013	6.181295
July 18, 2013	6.1353
July 19, 2013	6.1413
July 20, 2013	6.1379
July 21, 2013	6.1379
July 22, 2013	6.1379
July 23, 2013	6.1409
July 24, 2013	6.1374
July 25, 2013	6.136
July 26, 2013	6.1347
July 27, 2013	6.1317
July 28, 2013	6.1317
July 29, 2013	6.1317
July 30, 2013	6.1325
July 31, 2013	6.1317
August 1, 2013	6.1289
August 2, 2013	6.1305
August 3, 2013	6.1295
August 4, 2013	6.1295
August 5, 2013	6.1295
August 6, 2013	6.1247
August 7, 2013	6.1217
August 8, 2013	6.1192
August 9, 2013	6.1214
August 10, 2013	6.1219
August 11, 2013	6.1219
August 12, 2013	6.1219
August 13, 2013	6.122
August 14, 2013	6.1218
August 15, 2013	6.122
August 16, 2013	6.1125
August 17, 2013	6.115
August 18, 2013	6.115
August 19, 2013	6.115
August 20, 2013	6.1229
August 21, 2013	6.1246
August 22, 2013	6.1234
August 23, 2013	6.1211
August 24, 2013	6.121
August 25, 2013	6.121
August 26, 2013	6.121
August 27, 2013	6.1212
August 28, 2013	6.1217
August 29, 2013	6.1204
August 30, 2013	6.1205
August 31, 2013	6.1195
September 1, 2013	6.1195
September 2, 2013	6.1195
September 3, 2013	6.1196
September 4, 2013	6.1206
September 5, 2013	6.1201
September 6, 2013	6.1199
September 7, 2013	6.1205
September 8, 2013	6.1205